99AA04-1221-0838	
This data is for reference only	
250	0.9605
251	0.9582
252	0.9604
253	0.9619
254	0.9624
255	0.9629
256	0.9623
257	0.9619
258	0.9620
259	0.9609
260	0.9624
261	0.9629
262	0.9641
263	0.9640
264	0.9644
265	0.9651
266	0.9639
267	0.9652
268	0.9659
269	0.9650
270	0.9642
271	0.9658
272	0.9660
273	0.9663
274	0.9669
275	0.9661
276	0.9667
277	0.9680
278	0.9686
279	0.9687
280	0.9685
281	0.9681
282	0.9689
283	0.9691
284	0.9701
285	0.9713
286	0.9711
287	0.9712
288	0.9715
289	0.9715
290	0.9716
291	0.9734
292	0.9739
293	0.9739
294	0.9738
295	0.9741
296	0.9749
297	0.9754
298	0.9746
299	0.9751
300	0.9751
301	0.9750
302	0.9754
303	0.9748
304	0.9752
305	0.9769
306	0.9774
307	0.9774
308	0.9774
309	0.9768
310	0.9778
311	0.9787
312	0.9788
313	0.9788
314	0.9781
315	0.9778
316	0.9787
317	0.9795
318	0.9802
319	0.9800
320	0.9768
321	0.9744
322	0.9764
323	0.9781
324	0.9787
325	0.9797
326	0.9792
327	0.9772
328	0.9773
329	0.9775
330	0.9791
331	0.9787
332	0.9789
333	0.9807
334	0.9814
335	0.9809
336	0.9807
337	0.9799
338	0.9795
339	0.9807
340	0.9805
341	0.9798
342	0.9794
343	0.9776
344	0.9789
345	0.9812
346	0.9811
347	0.9797
348	0.9798
349	0.9806
350	0.9824
351	0.9826
352	0.9811
353	0.9830
354	0.9829
355	0.9812
356	0.9810
357	0.9808
358	0.9820
359	0.9843
360	0.9824
361	0.9812
362	0.9826
363	0.9813
364	0.9814
365	0.9825
366	0.9835
367	0.9818
368	0.9818
369	0.9830
370	0.9828
371	0.9802
372	0.9817
373	0.9844
374	0.9845
375	0.9825
376	0.9844
377	0.9840
378	0.9826
379	0.9846
380	0.9865
381	0.9865
382	0.9863
383	0.9868
384	0.9868
385	0.9867
386	0.9865
387	0.9863
388	0.9867
389	0.9866
390	0.9863
391	0.9869
392	0.9870
393	0.9873
394	0.9873
395	0.9875
396	0.9872
397	0.9870
398	0.9867
399	0.9871
400	0.9874
401	0.9874
402	0.9876
403	0.9874
404	0.9880
405	0.9882
406	0.9880
407	0.9872
408	0.9876
409	0.9875
410	0.9873
411	0.9876
412	0.9874
413	0.9870
414	0.9870
415	0.9871
416	0.9870
417	0.9871
418	0.9867
419	0.9871
420	0.9868
421	0.9871
422	0.9872
423	0.9868
424	0.9871
425	0.9864
426	0.9869
427	0.9864
428	0.9865
429	0.9867
430	0.9866
431	0.9862
432	0.9864
433	0.9865
434	0.9866
435	0.9862
436	0.9862
437	0.9861
438	0.9863
439	0.9858
440	0.9865
441	0.9859
442	0.9850
443	0.9850
444	0.9848
445	0.9852
446	0.9851
447	0.9853
448	0.9860
449	0.9861
450	0.9858
451	0.9858
452	0.9858
453	0.9861
454	0.9860
455	0.9862
456	0.9862
457	0.9865
458	0.9868
459	0.9865
460	0.9866
461	0.9869
462	0.9869
463	0.9872
464	0.9874
465	0.9875
466	0.9879
467	0.9885
468	0.9882
469	0.9883
470	0.9888
471	0.9883
472	0.9888
473	0.9890
474	0.9894
475	0.9894
476	0.9898
477	0.9906
478	0.9910
479	0.9909
480	0.9908
481	0.9902
482	0.9897
483	0.9889
484	0.9879
485	0.9868
486	0.9854
487	0.9850
488	0.9843
489	0.9837
490	0.9835
491	0.9833
492	0.9831
493	0.9833
494	0.9835
495	0.9834
496	0.9833
497	0.9835
498	0.9837
499	0.9843
500	0.9849
501	0.9849
502	0.9851
503	0.9857
504	0.9859
505	0.9862
506	0.9865
507	0.9866
508	0.9868
509	0.9869
510	0.9875
511	0.9881
512	0.9879
513	0.9880
514	0.9881
515	0.9884
516	0.9887
517	0.9890
518	0.9890
519	0.9892
520	0.9890
521	0.9890
522	0.9893
523	0.9893
524	0.9896
525	0.9895
526	0.9896
527	0.9895
528	0.9893
529	0.9895
530	0.9896
531	0.9894
532	0.9893
533	0.9896
534	0.9898
535	0.9897
536	0.9895
537	0.9895
538	0.9892
539	0.9891
540	0.9893
541	0.9892
542	0.9888
543	0.9890
544	0.9892
545	0.9888
546	0.9884
547	0.9883
548	0.9882
549	0.9880
550	0.9881
551	0.9878
552	0.9878
553	0.9878
554	0.9877
555	0.9875
556	0.9872
557	0.9870
558	0.9869
559	0.9871
560	0.9869
561	0.9869
562	0.9860
563	0.9853
564	0.9856
565	0.9859
566	0.9861
567	0.9861
568	0.9863
569	0.9868
570	0.9869
571	0.9869
572	0.9869
573	0.9871
574	0.9872
575	0.9874
576	0.9876
577	0.9878
578	0.9879
579	0.9878
580	0.9877
581	0.9879
582	0.9879
583	0.9877
584	0.9879
585	0.9882
586	0.9883
587	0.9883
588	0.9884
589	0.9883
590	0.9881
591	0.9881
592	0.9880
593	0.9879
594	0.9878
595	0.9880
596	0.9879
597	0.9880
598	0.9882
599	0.9881
600	0.9880
601	0.9882
602	0.9882
603	0.9883
604	0.9883
605	0.9883
606	0.9883
607	0.9883
608	0.9884
609	0.9881
610	0.9881
611	0.9883
612	0.9883
613	0.9882
614	0.9882
615	0.9883
616	0.9885
617	0.9884
618	0.9883
619	0.9882
620	0.9885
621	0.9885
622	0.9880
623	0.9879
624	0.9881
625	0.9881
626	0.9879
627	0.9877
628	0.9882
629	0.9880
630	0.9879
631	0.9880
632	0.9880
633	0.9880
634	0.9880
635	0.9883
636	0.9881
637	0.9880
638	0.9881
639	0.9880
640	0.9881
641	0.9883
642	0.9881
643	0.9882
644	0.9882
645	0.9883
646	0.9882
647	0.9881
648	0.9882
649	0.9882
650	0.9880
651	0.9880
652	0.9884
653	0.9882
654	0.9879
655	0.9884
656	0.9881
657	0.9880
658	0.9882
659	0.9884
660	0.9879
661	0.9877
662	0.9881
663	0.9879
664	0.9883
665	0.9882
666	0.9879
667	0.9880
668	0.9883
669	0.9880
670	0.9879
671	0.9880
672	0.9880
673	0.9880
674	0.9882
675	0.9880
676	0.9884
677	0.9881
678	0.9878
679	0.9879
680	0.9878
681	0.9880
682	0.9881
683	0.9882
684	0.9882
685	0.9880
686	0.9879
687	0.9877
688	0.9880
689	0.9877
690	0.9872
691	0.9869
692	0.9871
693	0.9872
694	0.9870
695	0.9873
696	0.9871
697	0.9869
698	0.9868
699	0.9870
700	0.9869
701	0.9871
702	0.9872
703	0.9868
704	0.9871
705	0.9868
706	0.9870
707	0.9869
708	0.9867
709	0.9865
710	0.9864
711	0.9872
712	0.9869
713	0.9866
714	0.9867
715	0.9866
716	0.9871
717	0.9869
718	0.9866
719	0.9871
720	0.9869
721	0.9870
722	0.9871
723	0.9872
724	0.9871
725	0.9868
726	0.9868
727	0.9871
728	0.9872
729	0.9865
730	0.9864
731	0.9868
732	0.9865
733	0.9866
734	0.9870
735	0.9872
736	0.9869
737	0.9868
738	0.9871
739	0.9864
740	0.9869
741	0.9868
742	0.9868
743	0.9870
744	0.9869
745	0.9870
746	0.9869
747	0.9868
748	0.9865
749	0.9868
750	0.9868
751	0.9865
752	0.9868
753	0.9869
754	0.9867
755	0.9864
756	0.9861
757	0.9860
758	0.9865
759	0.9867
760	0.9867
761	0.9870
762	0.9868
763	0.9868
764	0.9868
765	0.9868
766	0.9868
767	0.9872
768	0.9865
769	0.9864
770	0.9868
771	0.9865
772	0.9863
773	0.9862
774	0.9865
775	0.9866
776	0.9863
777	0.9861
778	0.9860
779	0.9861
780	0.9861
781	0.9864
782	0.9864
783	0.9861
784	0.9865
785	0.9866
786	0.9864
787	0.9864
788	0.9866
789	0.9862
790	0.9862
791	0.9865
792	0.9863
793	0.9861
794	0.9857
795	0.9852
796	0.9854
797	0.9860
798	0.9858
799	0.9858
800	0.9855
801	0.9851
802	0.9855
803	0.9859
804	0.9860
805	0.9863
806	0.9862
807	0.9858
808	0.9858
809	0.9860
810	0.9858
811	0.9857
812	0.9859
813	0.9853
814	0.9851
815	0.9856
816	0.9857
817	0.9857
818	0.9852
819	0.9849
820	0.9854
821	0.9857
822	0.9856
823	0.9848
824	0.9849
825	0.9851
826	0.9849
827	0.9857
828	0.9850
829	0.9851
830	0.9848
831	0.9843
832	0.9839
833	0.9847
834	0.9851
835	0.9852
836	0.9848
837	0.9843
838	0.9855
839	0.9857
840	0.9845
841	0.9851
842	0.9848
843	0.9849
844	0.9851
845	0.9842
846	0.9852
847	0.9857
848	0.9864
849	0.9864
850	0.9870
851	0.9867
852	0.9867
853	0.9847
854	0.9851
855	0.9845
856	0.9863
857	0.9866
858	0.9863
859	0.9865
860	0.9863
861	0.9863
862	0.9862
863	0.9862
864	0.9863
865	0.9864
866	0.9863
867	0.9864
868	0.9865
869	0.9865
870	0.9864
871	0.9864
872	0.9864
873	0.9862
874	0.9864
875	0.9864
876	0.9863
877	0.9863
878	0.9863
879	0.9863
880	0.9861
881	0.9863
882	0.9864
883	0.9864
884	0.9866
885	0.9867
886	0.9866
887	0.9865
888	0.9866
889	0.9864
890	0.9864
891	0.9865
892	0.9866
893	0.9865
894	0.9863
895	0.9865
896	0.9864
897	0.9863
898	0.9863
899	0.9864
900	0.9864
901	0.9864
902	0.9864
903	0.9864
904	0.9864
905	0.9863
906	0.9865
907	0.9863
908	0.9862
909	0.9863
910	0.9864
911	0.9865
912	0.9865
913	0.9864
914	0.9865
915	0.9864
916	0.9865
917	0.9865
918	0.9864
919	0.9866
920	0.9863
921	0.9862
922	0.9862
923	0.9864
924	0.9863
925	0.9863
926	0.9864
927	0.9865
928	0.9865
929	0.9865
930	0.9864
931	0.9865
932	0.9865
933	0.9865
934	0.9865
935	0.9864
936	0.9863
937	0.9863
938	0.9864
939	0.9864
940	0.9864
941	0.9864
942	0.9864
943	0.9864
944	0.9863
945	0.9862
946	0.9862
947	0.9863
948	0.9863
949	0.9862
950	0.9863
951	0.9864
952	0.9864
953	0.9864
954	0.9864
955	0.9864
956	0.9862
957	0.9863
958	0.9863
959	0.9862
960	0.9862
961	0.9861
962	0.9863
963	0.9864
964	0.9864
965	0.9864
966	0.9863
967	0.9862
968	0.9863
969	0.9863
970	0.9863
971	0.9863
972	0.9864
973	0.9865
974	0.9864
975	0.9863
976	0.9864
977	0.9864
978	0.9864
979	0.9863
980	0.9863
981	0.9863
982	0.9862
983	0.9862
984	0.9862
985	0.9862
986	0.9862
987	0.9864
988	0.9863
989	0.9864
990	0.9864
991	0.9864
992	0.9863
993	0.9862
994	0.9862
995	0.9863
996	0.9863
997	0.9863
998	0.9863
999	0.9863
1000	0.9864
1001	0.9864
1002	0.9863
1003	0.9862
1004	0.9863
1005	0.9863
1006	0.9863
1007	0.9863
1008	0.9863
1009	0.9863
1010	0.9864
1011	0.9864
1012	0.9864
1013	0.9863
1014	0.9863
1015	0.9863
1016	0.9863
1017	0.9863
1018	0.9864
1019	0.9864
1020	0.9864
1021	0.9863
1022	0.9863
1023	0.9864
1024	0.9864
1025	0.9863
1026	0.9863
1027	0.9864
1028	0.9864
1029	0.9864
1030	0.9864
1031	0.9863
1032	0.9863
1033	0.9862
1034	0.9862
1035	0.9862
1036	0.9862
1037	0.9862
1038	0.9862
1039	0.9861
1040	0.9861
1041	0.9861
1042	0.9862
1043	0.9863
1044	0.9862
1045	0.9862
1046	0.9861
1047	0.9861
1048	0.9860
1049	0.9860
1050	0.9861
1051	0.9861
1052	0.9862
1053	0.9862
1054	0.9861
1055	0.9861
1056	0.9862
1057	0.9862
1058	0.9861
1059	0.9861
1060	0.9861
1061	0.9860
1062	0.9861
1063	0.9861
1064	0.9862
1065	0.9862
1066	0.9862
1067	0.9863
1068	0.9864
1069	0.9863
1070	0.9862
1071	0.9863
1072	0.9864
1073	0.9864
1074	0.9863
1075	0.9863
1076	0.9863
1077	0.9862
1078	0.9862
1079	0.9861
1080	0.9861
1081	0.9861
1082	0.9861
1083	0.9862
1084	0.9863
1085	0.9862
1086	0.9862
1087	0.9862
1088	0.9862
1089	0.9863
1090	0.9862
1091	0.9863
1092	0.9863
1093	0.9863
1094	0.9863
1095	0.9863
1096	0.9863
1097	0.9862
1098	0.9862
1099	0.9862
1100	0.9862
1101	0.9860
1102	0.9861
1103	0.9862
1104	0.9862
1105	0.9862
1106	0.9861
1107	0.9861
1108	0.9861
1109	0.9862
1110	0.9862
1111	0.9863
1112	0.9862
1113	0.9862
1114	0.9863
1115	0.9863
1116	0.9863
1117	0.9863
1118	0.9863
1119	0.9864
1120	0.9865
1121	0.9864
1122	0.9863
1123	0.9863
1124	0.9861
1125	0.9861
1126	0.9862
1127	0.9861
1128	0.9862
1129	0.9863
1130	0.9863
1131	0.9862
1132	0.9863
1133	0.9863
1134	0.9862
1135	0.9862
1136	0.9861
1137	0.9861
1138	0.9861
1139	0.9860
1140	0.9859
1141	0.9859
1142	0.9859
1143	0.9859
1144	0.9859
1145	0.9860
1146	0.9859
1147	0.9859
1148	0.9857
1149	0.9857
1150	0.9858
1151	0.9857
1152	0.9857
1153	0.9857
1154	0.9858
1155	0.9857
1156	0.9858
1157	0.9859
1158	0.9858
1159	0.9858
1160	0.9857
1161	0.9857
1162	0.9859
1163	0.9858
1164	0.9857
1165	0.9859
1166	0.9860
1167	0.9859
1168	0.9859
1169	0.9857
1170	0.9855
1171	0.9856
1172	0.9855
1173	0.9853
1174	0.9855
1175	0.9854
1176	0.9854
1177	0.9855
1178	0.9854
1179	0.9854
1180	0.9854
1181	0.9853
1182	0.9854
1183	0.9852
1184	0.9852
1185	0.9853
1186	0.9853
1187	0.9853
1188	0.9854
1189	0.9855
1190	0.9854
1191	0.9850
1192	0.9851
1193	0.9851
1194	0.9854
1195	0.9853
1196	0.9851
1197	0.9849
1198	0.9849
1199	0.9850
1200	0.9850
1201	0.9851
1202	0.9849
1203	0.9850
1204	0.9851
1205	0.9851
1206	0.9849
1207	0.9849
1208	0.9849
1209	0.9849
1210	0.9850
1211	0.9850
1212	0.9851
1213	0.9850
1214	0.9850
1215	0.9850
1216	0.9851
1217	0.9852
1218	0.9850
1219	0.9850
1220	0.9850
1221	0.9849
1222	0.9850
1223	0.9848
1224	0.9847
1225	0.9846
1226	0.9845
1227	0.9845
1228	0.9845
1229	0.9845
1230	0.9845
1231	0.9846
1232	0.9849
1233	0.9848
1234	0.9848
1235	0.9849
1236	0.9849
1237	0.9849
1238	0.9847
1239	0.9847
1240	0.9847
1241	0.9848
1242	0.9848
1243	0.9849
1244	0.9848
1245	0.9847
1246	0.9847
1247	0.9849
1248	0.9849
1249	0.9849
1250	0.9849
1251	0.9849
1252	0.9849
1253	0.9849
1254	0.9849
1255	0.9850
1256	0.9849
1257	0.9848
1258	0.9847
1259	0.9847
1260	0.9847
1261	0.9847
1262	0.9847
1263	0.9847
1264	0.9846
1265	0.9845
1266	0.9845
1267	0.9846
1268	0.9847
1269	0.9847
1270	0.9847
1271	0.9846
1272	0.9846
1273	0.9846
1274	0.9846
1275	0.9845
1276	0.9844
1277	0.9845
1278	0.9845
1279	0.9846
1280	0.9844
1281	0.9843
1282	0.9843
1283	0.9843
1284	0.9842
1285	0.9841
1286	0.9841
1287	0.9841
1288	0.9842
1289	0.9842
1290	0.9843
1291	0.9842
1292	0.9841
1293	0.9842
1294	0.9842
1295	0.9841
1296	0.9840
1297	0.9841
1298	0.9842
1299	0.9841
1300	0.9840
1301	0.9838
1302	0.9837
1303	0.9837
1304	0.9837
1305	0.9835
1306	0.9834
1307	0.9834
1308	0.9834
1309	0.9834
1310	0.9833
1311	0.9833
1312	0.9833
1313	0.9833
1314	0.9834
1315	0.9834
1316	0.9833
1317	0.9833
1318	0.9832
1319	0.9832
1320	0.9832
1321	0.9832
1322	0.9831
1323	0.9831
1324	0.9830
1325	0.9830
1326	0.9830
1327	0.9831
1328	0.9831
1329	0.9831
1330	0.9830
1331	0.9830
1332	0.9831
1333	0.9831
1334	0.9831
1335	0.9831
1336	0.9831
1337	0.9831
1338	0.9832
1339	0.9833
1340	0.9833
1341	0.9834
1342	0.9836
1343	0.9837
1344	0.9837
1345	0.9838
1346	0.9838
1347	0.9839
1348	0.9840
1349	0.9841
1350	0.9842
1351	0.9842
1352	0.9842
1353	0.9842
1354	0.9842
1355	0.9842
1356	0.9841
1357	0.9841
1358	0.9839
1359	0.9837
1360	0.9836
1361	0.9835
1362	0.9834
1363	0.9831
1364	0.9827
1365	0.9826
1366	0.9825
1367	0.9824
1368	0.9823
1369	0.9825
1370	0.9826
1371	0.9825
1372	0.9825
1373	0.9825
1374	0.9826
1375	0.9827
1376	0.9827
1377	0.9827
1378	0.9826
1379	0.9826
1380	0.9826
1381	0.9829
1382	0.9829
1383	0.9828
1384	0.9827
1385	0.9826
1386	0.9825
1387	0.9826
1388	0.9827
1389	0.9827
1390	0.9826
1391	0.9826
1392	0.9826
1393	0.9827
1394	0.9826
1395	0.9826
1396	0.9826
1397	0.9826
1398	0.9826
1399	0.9826
1400	0.9826
1401	0.9826
1402	0.9827
1403	0.9827
1404	0.9826
1405	0.9825
1406	0.9825
1407	0.9825
1408	0.9825
1409	0.9825
1410	0.9824
1411	0.9823
1412	0.9824
1413	0.9824
1414	0.9825
1415	0.9825
1416	0.9825
1417	0.9824
1418	0.9826
1419	0.9828
1420	0.9826
1421	0.9826
1422	0.9826
1423	0.9827
1424	0.9826
1425	0.9828
1426	0.9831
1427	0.9833
1428	0.9832
1429	0.9831
1430	0.9831
1431	0.9831
1432	0.9832
1433	0.9832
1434	0.9834
1435	0.9834
1436	0.9834
1437	0.9836
1438	0.9836
1439	0.9834
1440	0.9834
1441	0.9834
1442	0.9835
1443	0.9835
1444	0.9834
1445	0.9833
1446	0.9832
1447	0.9831
1448	0.9832
1449	0.9832
1450	0.9832
1451	0.9832
1452	0.9833
1453	0.9833
1454	0.9833
1455	0.9834
1456	0.9832
1457	0.9833
1458	0.9834
1459	0.9833
1460	0.9834
1461	0.9836
1462	0.9835
1463	0.9836
1464	0.9837
1465	0.9837
1466	0.9837
1467	0.9836
1468	0.9836
1469	0.9835
1470	0.9837
1471	0.9837
1472	0.9835
1473	0.9834
1474	0.9835
1475	0.9834
1476	0.9832
1477	0.9831
1478	0.9833
1479	0.9834
1480	0.9834
1481	0.9834
1482	0.9834
1483	0.9834
1484	0.9834
1485	0.9834
1486	0.9833
1487	0.9833
1488	0.9833
1489	0.9833
1490	0.9832
1491	0.9832
1492	0.9834
1493	0.9832
1494	0.9832
1495	0.9831
1496	0.9831
1497	0.9831
1498	0.9832
1499	0.9833
1500	0.9834
1501	0.9833
1502	0.9835
1503	0.9833
1504	0.9832
1505	0.9832
1506	0.9833
1507	0.9833
1508	0.9834
1509	0.9835
1510	0.9834
1511	0.9832
1512	0.9833
1513	0.9833
1514	0.9833
1515	0.9832
1516	0.9833
1517	0.9834
1518	0.9833
1519	0.9832
1520	0.9833
1521	0.9833
1522	0.9833
1523	0.9833
1524	0.9834
1525	0.9835
1526	0.9834
1527	0.9833
1528	0.9831
1529	0.9830
1530	0.9832
1531	0.9832
1532	0.9833
1533	0.9833
1534	0.9833
1535	0.9833
1536	0.9833
1537	0.9833
1538	0.9833
1539	0.9832
1540	0.9831
1541	0.9830
1542	0.9830
1543	0.9831
1544	0.9832
1545	0.9833
1546	0.9833
1547	0.9834
1548	0.9834
1549	0.9833
1550	0.9833
1551	0.9832
1552	0.9831
1553	0.9831
1554	0.9832
1555	0.9831
1556	0.9832
1557	0.9833
1558	0.9832
1559	0.9832
1560	0.9833
1561	0.9833
1562	0.9833
1563	0.9833
1564	0.9832
1565	0.9832
1566	0.9831
1567	0.9831
1568	0.9831
1569	0.9831
1570	0.9831
1571	0.9832
1572	0.9833
1573	0.9833
1574	0.9832
1575	0.9832
1576	0.9832
1577	0.9831
1578	0.9832
1579	0.9831
1580	0.9830
1581	0.9832
1582	0.9833
1583	0.9833
1584	0.9832
1585	0.9831
1586	0.9832
1587	0.9831
1588	0.9831
1589	0.9832
1590	0.9833
1591	0.9833
1592	0.9831
1593	0.9830
1594	0.9830
1595	0.9830
1596	0.9829
1597	0.9829
1598	0.9830
1599	0.9830
1600	0.9830
1601	0.9831
1602	0.9831
1603	0.9830
1604	0.9829
1605	0.9829
1606	0.9829
1607	0.9829
1608	0.9829
1609	0.9828
1610	0.9829
1611	0.9829
1612	0.9828
1613	0.9827
1614	0.9827
1615	0.9827
1616	0.9827
1617	0.9827
1618	0.9827
1619	0.9826
1620	0.9826
1621	0.9826
1622	0.9826
1623	0.9825
1624	0.9825
1625	0.9824
1626	0.9824
1627	0.9824
1628	0.9824
1629	0.9823
1630	0.9823
1631	0.9824
1632	0.9822
1633	0.9822
1634	0.9823
1635	0.9823
1636	0.9822
1637	0.9821
1638	0.9820
1639	0.9820
1640	0.9820
1641	0.9820
1642	0.9820
1643	0.9819
1644	0.9819
1645	0.9819
1646	0.9819
1647	0.9819
1648	0.9819
1649	0.9818
1650	0.9817
1651	0.9817
1652	0.9816
1653	0.9816
1654	0.9817
1655	0.9816
1656	0.9817
1657	0.9818
1658	0.9818
1659	0.9816
1660	0.9817
1661	0.9816
1662	0.9816
1663	0.9815
1664	0.9814
1665	0.9813
1666	0.9812
1667	0.9813
1668	0.9813
1669	0.9811
1670	0.9810
1671	0.9812
1672	0.9811
1673	0.9812
1674	0.9812
1675	0.9810
1676	0.9810
1677	0.9809
1678	0.9809
1679	0.9809
1680	0.9807
1681	0.9805
1682	0.9806
1683	0.9807
1684	0.9807
1685	0.9806
1686	0.9805
1687	0.9806
1688	0.9805
1689	0.9805
1690	0.9805
1691	0.9804
1692	0.9804
1693	0.9806
1694	0.9806
1695	0.9806
1696	0.9805
1697	0.9804
1698	0.9805
1699	0.9805
1700	0.9805
1701	0.9804
1702	0.9805
1703	0.9803
1704	0.9803
1705	0.9803
1706	0.9804
1707	0.9806
1708	0.9805
1709	0.9804
1710	0.9805
1711	0.9805
1712	0.9804
1713	0.9804
1714	0.9803
1715	0.9801
1716	0.9801
1717	0.9801
1718	0.9802
1719	0.9803
1720	0.9803
1721	0.9804
1722	0.9803
1723	0.9802
1724	0.9801
1725	0.9803
1726	0.9803
1727	0.9803
1728	0.9803
1729	0.9802
1730	0.9802
1731	0.9802
1732	0.9804
1733	0.9804
1734	0.9804
1735	0.9803
1736	0.9804
1737	0.9802
1738	0.9802
1739	0.9804
1740	0.9804
1741	0.9803
1742	0.9804
1743	0.9802
1744	0.9803
1745	0.9803
1746	0.9802
1747	0.9802
1748	0.9802
1749	0.9802
1750	0.9802
1751	0.9803
1752	0.9805
1753	0.9805
1754	0.9805
1755	0.9806
1756	0.9806
1757	0.9806
1758	0.9804
1759	0.9804
1760	0.9804
1761	0.9805
1762	0.9804
1763	0.9805
1764	0.9805
1765	0.9805
1766	0.9804
1767	0.9804
1768	0.9803
1769	0.9802
1770	0.9803
1771	0.9802
1772	0.9801
1773	0.9802
1774	0.9803
1775	0.9804
1776	0.9804
1777	0.9804
1778	0.9803
1779	0.9803
1780	0.9804
1781	0.9805
1782	0.9804
1783	0.9804
1784	0.9803
1785	0.9803
1786	0.9803
1787	0.9802
1788	0.9804
1789	0.9804
1790	0.9804
1791	0.9805
1792	0.9805
1793	0.9804
1794	0.9804
1795	0.9803
1796	0.9803
1797	0.9804
1798	0.9804
1799	0.9804
1800	0.9804
1801	0.9803
1802	0.9802
1803	0.9801
1804	0.9802
1805	0.9803
1806	0.9802
1807	0.9801
1808	0.9801
1809	0.9801
1810	0.9799
1811	0.9798
1812	0.9797
1813	0.9796
1814	0.9795
1815	0.9794
1816	0.9793
1817	0.9793
1818	0.9793
1819	0.9790
1820	0.9787
1821	0.9786
1822	0.9785
1823	0.9786
1824	0.9786
1825	0.9785
1826	0.9784
1827	0.9783
1828	0.9783
1829	0.9781
1830	0.9780
1831	0.9778
1832	0.9776
1833	0.9775
1834	0.9775
1835	0.9774
1836	0.9773
1837	0.9770
1838	0.9768
1839	0.9767
1840	0.9766
1841	0.9764
1842	0.9763
1843	0.9762
1844	0.9760
1845	0.9759
1846	0.9759
1847	0.9758
1848	0.9756
1849	0.9754
1850	0.9754
1851	0.9754
1852	0.9753
1853	0.9754
1854	0.9755
1855	0.9755
1856	0.9755
1857	0.9756
1858	0.9758
1859	0.9759
1860	0.9760
1861	0.9760
1862	0.9760
1863	0.9760
1864	0.9760
1865	0.9760
1866	0.9760
1867	0.9759
1868	0.9756
1869	0.9755
1870	0.9752
1871	0.9748
1872	0.9746
1873	0.9745
1874	0.9743
1875	0.9741
1876	0.9741
1877	0.9740
1878	0.9739
1879	0.9738
1880	0.9738
1881	0.9738
1882	0.9737
1883	0.9736
1884	0.9736
1885	0.9738
1886	0.9739
1887	0.9741
1888	0.9743
1889	0.9743
1890	0.9743
1891	0.9745
1892	0.9748
1893	0.9750
1894	0.9750
1895	0.9750
1896	0.9749
1897	0.9749
1898	0.9750
1899	0.9750
1900	0.9749
1901	0.9748
1902	0.9748
1903	0.9747
1904	0.9744
1905	0.9742
1906	0.9742
1907	0.9741
1908	0.9740
1909	0.9739
1910	0.9740
1911	0.9738
1912	0.9737
1913	0.9736
1914	0.9736
1915	0.9737
1916	0.9737
1917	0.9737
1918	0.9737
1919	0.9736
1920	0.9733
1921	0.9731
1922	0.9731
1923	0.9730
1924	0.9731
1925	0.9731
1926	0.9730
1927	0.9730
1928	0.9728
1929	0.9728
1930	0.9730
1931	0.9728
1932	0.9725
1933	0.9725
1934	0.9725
1935	0.9725
1936	0.9723
1937	0.9723
1938	0.9722
1939	0.9721
1940	0.9720
1941	0.9721
1942	0.9721
1943	0.9721
1944	0.9720
1945	0.9720
1946	0.9718
1947	0.9717
1948	0.9719
1949	0.9719
1950	0.9718
1951	0.9717
1952	0.9717
1953	0.9715
1954	0.9714
1955	0.9713
1956	0.9714
1957	0.9713
1958	0.9712
1959	0.9714
1960	0.9714
1961	0.9714
1962	0.9712
1963	0.9711
1964	0.9710
1965	0.9708
1966	0.9707
1967	0.9707
1968	0.9707
1969	0.9705
1970	0.9703
1971	0.9702
1972	0.9701
1973	0.9700
1974	0.9699
1975	0.9700
1976	0.9699
1977	0.9696
1978	0.9696
1979	0.9696
1980	0.9694
1981	0.9693
1982	0.9692
1983	0.9692
1984	0.9692
1985	0.9692
1986	0.9691
1987	0.9688
1988	0.9686
1989	0.9685
1990	0.9684
1991	0.9682
1992	0.9679
1993	0.9679
1994	0.9677
1995	0.9674
1996	0.9673
1997	0.9671
1998	0.9668
1999	0.9666
2000	0.9664
2001	0.9661
2002	0.9661
2003	0.9659
2004	0.9657
2005	0.9657
2006	0.9654
2007	0.9653
2008	0.9651
2009	0.9648
2010	0.9644
2011	0.9642
2012	0.9639
2013	0.9637
2014	0.9634
2015	0.9632
2016	0.9629
2017	0.9628
2018	0.9625
2019	0.9624
2020	0.9622
2021	0.9620
2022	0.9618
2023	0.9614
2024	0.9611
2025	0.9608
2026	0.9605
2027	0.9604
2028	0.9601
2029	0.9598
2030	0.9596
2031	0.9594
2032	0.9592
2033	0.9589
2034	0.9586
2035	0.9584
2036	0.9581
2037	0.9579
2038	0.9576
2039	0.9573
2040	0.9572
2041	0.9569
2042	0.9567
2043	0.9567
2044	0.9565
2045	0.9561
2046	0.9560
2047	0.9556
2048	0.9555
2049	0.9552
2050	0.9550
2051	0.9548
2052	0.9546
2053	0.9546
2054	0.9545
2055	0.9542
2056	0.9539
2057	0.9537
2058	0.9535
2059	0.9533
2060	0.9532
2061	0.9530
2062	0.9528
2063	0.9526
2064	0.9524
2065	0.9523
2066	0.9522
2067	0.9520
2068	0.9519
2069	0.9518
2070	0.9516
2071	0.9514
2072	0.9512
2073	0.9510
2074	0.9510
2075	0.9509
2076	0.9507
2077	0.9506
2078	0.9504
2079	0.9501
2080	0.9500
2081	0.9500
2082	0.9499
2083	0.9496
2084	0.9493
2085	0.9492
2086	0.9492
2087	0.9491
2088	0.9489
2089	0.9487
2090	0.9485
2091	0.9484
2092	0.9482
2093	0.9480
2094	0.9477
2095	0.9475
2096	0.9474
2097	0.9472
2098	0.9469
2099	0.9467
2100	0.9466
2101	0.9465
2102	0.9465
2103	0.9464
2104	0.9462
2105	0.9461
2106	0.9460
2107	0.9459
2108	0.9457
2109	0.9455
2110	0.9452
2111	0.9450
2112	0.9448
2113	0.9447
2114	0.9444
2115	0.9441
2116	0.9439
2117	0.9436
2118	0.9434
2119	0.9434
2120	0.9432
2121	0.9430
2122	0.9428
2123	0.9426
2124	0.9425
2125	0.9424
2126	0.9423
2127	0.9422
2128	0.9421
2129	0.9422
2130	0.9419
2131	0.9419
2132	0.9417
2133	0.9415
2134	0.9415
2135	0.9412
2136	0.9411
2137	0.9411
2138	0.9413
2139	0.9413
2140	0.9412
2141	0.9414
2142	0.9416
2143	0.9417
2144	0.9418
2145	0.9419
2146	0.9419
2147	0.9420
2148	0.9422
2149	0.9426
2150	0.9429
2151	0.9433
2152	0.9436
2153	0.9438
2154	0.9440
2155	0.9444
2156	0.9448
2157	0.9450
2158	0.9453
2159	0.9457
2160	0.9458
2161	0.9461
2162	0.9465
2163	0.9470
2164	0.9474
2165	0.9477
2166	0.9482
2167	0.9485
2168	0.9487
2169	0.9491
2170	0.9494
2171	0.9497
2172	0.9502
2173	0.9506
2174	0.9510
2175	0.9513
2176	0.9516
2177	0.9520
2178	0.9524
2179	0.9528
2180	0.9532
2181	0.9536
2182	0.9540
2183	0.9543
2184	0.9546
2185	0.9549
2186	0.9551
2187	0.9555
2188	0.9558
2189	0.9561
2190	0.9564
2191	0.9567
2192	0.9568
2193	0.9571
2194	0.9573
2195	0.9574
2196	0.9575
2197	0.9577
2198	0.9581
2199	0.9584
2200	0.9590
2201	0.9591
2202	0.9590
2203	0.9591
2204	0.9593
2205	0.9594
2206	0.9595
2207	0.9597
2208	0.9598
2209	0.9600
2210	0.9602
2211	0.9601
2212	0.9602
2213	0.9604
2214	0.9605
2215	0.9605
2216	0.9606
2217	0.9607
2218	0.9604
2219	0.9607
2220	0.9609
2221	0.9609
2222	0.9608
2223	0.9609
2224	0.9609
2225	0.9611
2226	0.9611
2227	0.9611
2228	0.9612
2229	0.9610
2230	0.9611
2231	0.9610
2232	0.9610
2233	0.9610
2234	0.9610
2235	0.9609
2236	0.9611
2237	0.9611
2238	0.9609
2239	0.9608
2240	0.9610
2241	0.9612
2242	0.9609
2243	0.9607
2244	0.9605
2245	0.9604
2246	0.9604
2247	0.9602
2248	0.9602
2249	0.9602
2250	0.9603
2251	0.9600
2252	0.9599
2253	0.9597
2254	0.9596
2255	0.9596
2256	0.9595
2257	0.9594
2258	0.9593
2259	0.9594
2260	0.9592
2261	0.9593
2262	0.9593
2263	0.9592
2264	0.9590
2265	0.9589
2266	0.9587
2267	0.9587
2268	0.9586
2269	0.9584
2270	0.9582
2271	0.9578
2272	0.9580
2273	0.9577
2274	0.9575
2275	0.9575
2276	0.9573
2277	0.9572
2278	0.9573
2279	0.9575
2280	0.9571
2281	0.9570
2282	0.9569
2283	0.9567
2284	0.9565
2285	0.9562
2286	0.9560
2287	0.9559
2288	0.9558
2289	0.9556
2290	0.9555
2291	0.9553
2292	0.9550
2293	0.9548
2294	0.9547
2295	0.9546
2296	0.9543
2297	0.9542
2298	0.9538
2299	0.9537
2300	0.9535
2301	0.9534
2302	0.9530
2303	0.9529
2304	0.9528
2305	0.9526
2306	0.9524
2307	0.9522
2308	0.9520
2309	0.9515
2310	0.9514
2311	0.9514
2312	0.9511
2313	0.9509
2314	0.9508
2315	0.9506
2316	0.9503
2317	0.9501
2318	0.9498
2319	0.9496
2320	0.9495
2321	0.9494
2322	0.9493
2323	0.9489
2324	0.9485
2325	0.9482
2326	0.9482
2327	0.9480
2328	0.9477
2329	0.9474
2330	0.9472
2331	0.9470
2332	0.9468
2333	0.9466
2334	0.9463
2335	0.9459
2336	0.9457
2337	0.9455
2338	0.9454
2339	0.9452
2340	0.9450
2341	0.9448
2342	0.9446
2343	0.9445
2344	0.9444
2345	0.9441
2346	0.9438
2347	0.9438
2348	0.9437
2349	0.9434
2350	0.9433
2351	0.9431
2352	0.9430
2353	0.9428
2354	0.9427
2355	0.9426
2356	0.9422
2357	0.9420
2358	0.9419
2359	0.9420
2360	0.9419
2361	0.9415
2362	0.9412
2363	0.9412
2364	0.9411
2365	0.9410
2366	0.9409
2367	0.9408
2368	0.9406
2369	0.9406
2370	0.9406
2371	0.9402
2372	0.9399
2373	0.9398
2374	0.9400
2375	0.9400
2376	0.9398
2377	0.9399
2378	0.9398
2379	0.9394
2380	0.9396
2381	0.9398
2382	0.9395
2383	0.9393
2384	0.9392
2385	0.9392
2386	0.9393
2387	0.9395
2388	0.9392
2389	0.9388
2390	0.9386
2391	0.9389
2392	0.9388
2393	0.9385
2394	0.9387
2395	0.9386
2396	0.9385
2397	0.9385
2398	0.9383
2399	0.9383
2400	0.9384
2401	0.9383
2402	0.9384
2403	0.9383
2404	0.9381
2405	0.9381
2406	0.9382
2407	0.9383
2408	0.9385
2409	0.9381
2410	0.9380
2411	0.9382
2412	0.9382
2413	0.9380
2414	0.9380
2415	0.9381
2416	0.9377
2417	0.9377
2418	0.9380
2419	0.9376
2420	0.9373
2421	0.9374
2422	0.9372
2423	0.9371
2424	0.9372
2425	0.9373
2426	0.9373
2427	0.9370
2428	0.9372
2429	0.9374
2430	0.9373
2431	0.9370
2432	0.9371
2433	0.9370
2434	0.9371
2435	0.9371
2436	0.9367
2437	0.9367
2438	0.9363
2439	0.9364
2440	0.9366
2441	0.9364
2442	0.9362
2443	0.9362
2444	0.9360
2445	0.9360
2446	0.9360
2447	0.9360
2448	0.9355
2449	0.9352
2450	0.9355
2451	0.9356
2452	0.9358
2453	0.9350
2454	0.9352
2455	0.9352
2456	0.9356
2457	0.9352
2458	0.9353
2459	0.9347
2460	0.9346
2461	0.9354
2462	0.9358
2463	0.9355
2464	0.9357
2465	0.9352
2466	0.9365
2467	0.9362
2468	0.9360
2469	0.9360
2470	0.9349
2471	0.9360
2472	0.9362
2473	0.9367
2474	0.9355
2475	0.9368
2476	0.9360
2477	0.9347
2478	0.9380
2479	0.9388
2480	0.9365
2481	0.9369
2482	0.9379
2483	0.9387
2484	0.9380
2485	0.9364
2486	0.9391
2487	0.9372
2488	0.9386
2489	0.9388
2490	0.9396
2491	0.9390
2492	0.9383
2493	0.9389
2494	0.9381
2495	0.9408
2496	0.9416
2497	0.9378
2498	0.9392
2499	0.9388
2500	0.9410
